"","root.EOD.Arabidopsis.1.451.3.R","root.EOD.Arabidopsis.2.452.3.R","root.EOD.Arabidopsis.3.453.3.R","root.EOD.Arabidopsis.4.454.3.R","root.EOD.Arabidopsis.5.455.3.R","root.EOD.Arabidopsis.6.456.3.R","root.EOD.Brachy.1.433.3.R","root.EOD.Brachy.2.434.3.R","root.EOD.Brachy.3.436.3.R","root.EOD.Brachy.4.437.3.R","root.EOD.Brachy.5.438.3.R","root.EOD.Brachy.6.439.3.R","root.EOD.Medicago.1.442.3a.R","root.EOD.Medicago.2.442.3b.R","root.EOD.Medicago.3.444.3a.R","root.EOD.Medicago.4.449.3a.R","root.EOD.Medicago.5.449.3b.R","root.EON.Arabidopsis.1.451.4.R","root.EON.Arabidopsis.2.452.4.R","root.EON.Arabidopsis.3.453.4.R","root.EON.Arabidopsis.4.454.4.R","root.EON.Arabidopsis.5.455.4.R","root.EON.Arabidopsis.6.456.4.R","root.EON.Brachy.1.433.4.R","root.EON.Brachy.2.434.4.R","root.EON.Brachy.3.436.4.R","root.EON.Brachy.4.437.4.R","root.EON.Brachy.5.438.4.R","root.EON.Brachy.6.439.4.R","root.EON.Medicago.1.442.4c.R","root.EON.Medicago.2.444.4b.R","root.EON.Medicago.3.444.4c.R","root.EON.Medicago.4.449.4c.R","shoot.EOD.Arabidopsis.1.451.3.S","shoot.EOD.Arabidopsis.2.452.3.S","shoot.EOD.Arabidopsis.3.453.3.S","shoot.EOD.Arabidopsis.4.454.3.S","shoot.EOD.Arabidopsis.5.455.3.S","shoot.EOD.Arabidopsis.6.456.3.S","shoot.EOD.Brachy.1.433.3.S","shoot.EOD.Brachy.2.434.3.S","shoot.EOD.Brachy.3.436.3.S","shoot.EOD.Brachy.4.437.3.S","shoot.EOD.Brachy.5.438.3.S","shoot.EOD.Brachy.6.439.3.S","shoot.EOD.Medicago.1.442.3a.S","shoot.EOD.Medicago.2.442.3b.S","shoot.EOD.Medicago.3.444.3a.S","shoot.EOD.Medicago.4.449.3a.S","shoot.EOD.Medicago.5.449.3b.S","shoot.EON.Arabidopsis.1.451.4.S","shoot.EON.Arabidopsis.2.452.4.S","shoot.EON.Arabidopsis.3.453.4.S","shoot.EON.Arabidopsis.4.454.4.S","shoot.EON.Arabidopsis.5.455.4.S","shoot.EON.Arabidopsis.6.456.4.S","shoot.EON.Brachy.1.433.4.S","shoot.EON.Brachy.2.434.4.S","shoot.EON.Brachy.3.436.4.S","shoot.EON.Brachy.5.438.4.S","shoot.EON.Brachy.6.439.4.S","shoot.EON.Medicago.1.442.4c.S","shoot.EON.Medicago.2.444.4b.S","shoot.EON.Medicago.3.444.4c.S","shoot.EON.Medicago.4.449.4c.S","id"
"root-EOD-Arabidopsis-1-451-3-R",1,0.850944092418887,0.901787565731651,0.940062295315361,0.831318283838858,0.915993423812244,0.628836209844392,0.668760929521615,0.562419247297048,0.655118399051652,0.546209247384787,0.591964445263962,0.746324986928215,0.732936490651102,0.716300923050136,0.701902315591838,0.689982463436384,0.844779819562018,0.96317040936966,0.892119218751797,0.923986539825768,0.90197834783169,0.587618237229021,0.702624865176954,0.712845305779507,0.871217121138322,0.609433750133978,0.574689422652239,0.73384161512011,0.735298424412264,0.792488754609176,0.771717173327763,0.814706115340739,0.643789068063171,0.688293435194086,0.728104820837834,0.666753275673884,0.598658014164177,0.715620445545129,0.473678828165934,0.474075437248547,0.514569001600523,0.459861387672049,0.488995731462279,0.465735711126072,0.758193899338633,0.794813041069263,0.638912787748257,0.719534803115888,0.706836568479719,0.748600230200084,0.680555365327905,0.675404547730608,0.689279867529198,0.707425022788575,0.747946885287073,0.50873335925436,0.47453808907959,0.524465676665932,0.47984304254067,0.578320791651716,0.787380437837773,0.716383598478543,0.763612672131858,0.830895103370845,"root-EOD-Arabidopsis-1-451-3-R"
"root-EOD-Arabidopsis-2-452-3-R",0.850944092418887,1,0.917336144580433,0.887289330767344,0.944761022716285,0.912702297414552,0.63025774895313,0.695017861936328,0.621024889289523,0.659818875488927,0.541343343199188,0.631636083712031,0.734440105641113,0.72365142468589,0.694047176975032,0.69022315009903,0.68027686421172,0.793091113326427,0.882216393623049,0.921027841640352,0.910744564749315,0.805539940406193,0.637965441328693,0.707479863872099,0.773113588799152,0.803579694020357,0.645096867261646,0.648612844274661,0.753859724134848,0.724058503744302,0.722987622204557,0.770545062027494,0.768761168645763,0.708421013354242,0.702294467200673,0.769729589620634,0.703912992670848,0.693349764795427,0.722059693927929,0.462102587071417,0.449193803744713,0.525792913139965,0.445904996370733,0.499823245292859,0.444088836467331,0.709780261818044,0.81124269987958,0.653119322536363,0.717422826702415,0.722627181539298,0.760870943054306,0.714473423673148,0.750043418232854,0.755147714810806,0.750439287409983,0.758380790207641,0.498605678912703,0.465467650833998,0.534642028179841,0.490222082605128,0.587886347168248,0.811791353831621,0.700946997387577,0.777436664005934,0.779882432922344,"root-EOD-Arabidopsis-2-452-3-R"
"root-EOD-Arabidopsis-3-453-3-R",0.901787565731651,0.917336144580433,1,0.888681117925918,0.90211745049229,0.915242541338897,0.63786656501237,0.700521731326203,0.619769044822731,0.6613952719759,0.555123938198923,0.635098597658727,0.745606025242255,0.73090831905202,0.7186616106949,0.704020223341279,0.689645308695296,0.848509428579784,0.920469875525566,0.963451037561221,0.900457015400118,0.859217119713645,0.649715239865774,0.711689289177243,0.768564740595487,0.852092854800985,0.644500438230313,0.636885229996121,0.749691066495561,0.737719907320038,0.759114477229518,0.784348551539636,0.805362362142444,0.709704162885984,0.738990817288624,0.800349111263177,0.716709993936215,0.672064618836051,0.76186253353288,0.499356792736704,0.486000266920452,0.564549072341904,0.486760701832046,0.540378766010251,0.48193190255905,0.717013900242528,0.819022813464334,0.667733213042387,0.731776761057411,0.734773880308284,0.797420620911637,0.739964745300314,0.753623964652298,0.766862917411812,0.776000424218643,0.796083269128909,0.540113583155883,0.507420738047903,0.573252479270743,0.52892112266547,0.62682044377901,0.812153621431523,0.736075283403511,0.789055107999509,0.785069322212651,"root-EOD-Arabidopsis-3-453-3-R"
"root-EOD-Arabidopsis-4-454-3-R",0.940062295315361,0.887289330767344,0.888681117925918,1,0.871111911893307,0.934613428130434,0.621187269348054,0.666690795928352,0.569354288425992,0.649650350973147,0.529111832308771,0.593595579246497,0.726931755639083,0.715064265998941,0.699387660201715,0.684817477502222,0.67442545952373,0.818809528315373,0.952468655561385,0.882589014539338,0.951822953417482,0.88722177859266,0.599640033583338,0.697348549562063,0.735836445002362,0.856008849510027,0.613255877832398,0.580451298420325,0.738423332482762,0.722547528402689,0.776075206230346,0.745545098890564,0.798625079990986,0.637171211954254,0.680160102481397,0.721422854607513,0.680933379335823,0.631670727340765,0.704369072870514,0.476084578634839,0.47257542350944,0.517197364632399,0.46082192809012,0.489933187470561,0.466710741563376,0.747868159166552,0.785346984539513,0.632969543442001,0.713090100813643,0.701930185534976,0.743369517537864,0.695535571738962,0.699645664653295,0.708712287245665,0.703196293673513,0.739885118536472,0.51135264224823,0.478293403449264,0.527774007132977,0.483471228640402,0.582404973337519,0.791845923628277,0.713383611423983,0.757626571840671,0.827949668819017,"root-EOD-Arabidopsis-4-454-3-R"
"root-EOD-Arabidopsis-5-455-3-R",0.831318283838858,0.944761022716285,0.90211745049229,0.871111911893307,1,0.887839335548881,0.629914447506521,0.702029265363832,0.625783625950541,0.658285199147065,0.540420514317736,0.638075268542028,0.741276160307595,0.727695713757636,0.70072745678445,0.697123248685355,0.684137089048994,0.788028977608306,0.864321029806908,0.907852703812181,0.884059180277849,0.787585415369474,0.634982045133445,0.708506451239123,0.777913408489346,0.786434621009111,0.652161313299011,0.644260535969067,0.756045977212397,0.730840917087916,0.710932206315392,0.799974100686817,0.770756530697922,0.698864228970514,0.693547873724052,0.75488303823866,0.694173268280733,0.679270714647147,0.713877838862328,0.462955540125866,0.449294312708991,0.533846614586122,0.447580399788539,0.507087548119384,0.444460124738157,0.691328600061942,0.815020957987051,0.656904595123486,0.707837740091232,0.727320743728586,0.734452173423915,0.705618207113581,0.741009519058378,0.749680918418812,0.741560838088328,0.751333782561525,0.500815475600281,0.466959890309878,0.542227515320546,0.497748059586684,0.596046351521129,0.815819369749846,0.707939295503373,0.778010845014858,0.763172347525207,"root-EOD-Arabidopsis-5-455-3-R"
"root-EOD-Arabidopsis-6-456-3-R",0.915993423812244,0.912702297414552,0.915242541338897,0.934613428130434,0.887839335548881,1,0.618984238673572,0.673573631959158,0.592759283622298,0.642559655261703,0.536025278985644,0.61081140519951,0.724482137178246,0.708794084601333,0.690258002846747,0.683906631829008,0.6703167069257,0.799317398908372,0.94009425551718,0.898448407241406,0.934512576579596,0.872950441547819,0.615370739943631,0.69287547451439,0.742988980091108,0.84098487663509,0.615940684148311,0.610989588795078,0.730543814454914,0.716941889204988,0.744290966495156,0.748845658480489,0.76694408944556,0.680801805453951,0.688294807940168,0.749329947344137,0.685853670152421,0.652582367534102,0.709978819408652,0.450483105040397,0.440794669222289,0.508439658906847,0.434168190477157,0.485088564460593,0.433841606737314,0.747056439855747,0.797117067645137,0.638601881602009,0.708843718666423,0.706769466487215,0.749716742231568,0.699114047593024,0.711696161205842,0.72175752450649,0.724963791215783,0.744687603633893,0.485143216041613,0.45418427758599,0.520197814794634,0.476393544808211,0.571913837105051,0.787242251465231,0.691739153397752,0.761398496331563,0.820850856244938,"root-EOD-Arabidopsis-6-456-3-R"
"root-EOD-Brachy-1-433-3-R",0.628836209844392,0.63025774895313,0.63786656501237,0.621187269348054,0.629914447506521,0.618984238673572,1,0.822382956437198,0.846361921800891,0.9546062039969,0.884526048055395,0.890368950764409,0.639955345640087,0.61266544668313,0.682375209718172,0.689247198233869,0.702491440299487,0.699387961657414,0.630115806490005,0.64056123792749,0.620951935028647,0.634425084251336,0.795623072506525,0.907394718944531,0.719069661781511,0.694837356428525,0.848440365614946,0.824827443709334,0.843873013198438,0.631531982177772,0.718277367210714,0.597775832237129,0.709076167500684,0.54308995611064,0.587098968121207,0.588006146663333,0.496344483478828,0.473745423368871,0.58880379775558,0.574840073412396,0.565105946220487,0.622795352168877,0.564434146133353,0.597562424812968,0.563396054012439,0.71623450860819,0.700286067031909,0.679783721404656,0.720083039948036,0.675821648714455,0.6334977096,0.579973759880743,0.524544819744463,0.506465885987466,0.519934802921966,0.552709524517677,0.573223457870384,0.539332450620527,0.542590906382221,0.566633360913031,0.544741504167896,0.654186489707952,0.607666724175412,0.662726634582047,0.694414298439908,"root-EOD-Brachy-1-433-3-R"
"root-EOD-Brachy-2-434-3-R",0.668760929521615,0.695017861936328,0.700521731326203,0.666690795928352,0.702029265363832,0.673573631959158,0.822382956437198,1,0.8464218327099,0.849950646511391,0.731392834202963,0.874879767859536,0.74880659942703,0.743305995243987,0.763334955745575,0.767345743895786,0.762275626373803,0.723638966903677,0.672480298539675,0.701092786033643,0.664336491399659,0.674640367716176,0.810374751646848,0.895323844219937,0.889810544451386,0.733612745730405,0.893537631462904,0.886728114011724,0.886902902815466,0.754356984026586,0.735302803657727,0.72875284803662,0.72893925861387,0.666312847767406,0.687344064013773,0.699998214734365,0.593857641603349,0.611292934576909,0.655136563969913,0.537197190030377,0.522984328717702,0.62049158173248,0.528521463720439,0.616082091688407,0.519377714073064,0.718137308677689,0.779612178390716,0.769693458372971,0.73647949145329,0.77864089244636,0.680941655321131,0.677347124081211,0.648654682679862,0.643262287450136,0.638926914058214,0.652387568241691,0.575604137721688,0.541245485022069,0.61813607281758,0.595893369067891,0.6707651277948,0.767206012634689,0.733303539714285,0.766855797583302,0.729406645802207,"root-EOD-Brachy-2-434-3-R"
"root-EOD-Brachy-3-436-3-R",0.562419247297048,0.621024889289523,0.619769044822731,0.569354288425992,0.625783625950541,0.592759283622298,0.846361921800891,0.8464218327099,1,0.839475996063875,0.807650671932295,0.899850808960388,0.644530527331153,0.619138328713592,0.685927670844676,0.691814419114931,0.707191901721247,0.647647944581353,0.588606947205457,0.620019467933664,0.585541335039234,0.585426402464711,0.898511914494196,0.802070007541932,0.774554650975877,0.642168315221706,0.857317364971774,0.904556582201384,0.794621438452541,0.637467735630405,0.672035567998862,0.602959274918078,0.66234004443451,0.561873979030051,0.575971381724375,0.595636559142165,0.474577224447516,0.504987655552296,0.57833599253652,0.574720282083693,0.57172941612078,0.626261981082832,0.568926464609843,0.647854432109913,0.563346065392767,0.669059402600534,0.69702339909921,0.711408251141981,0.675986255972491,0.703549401649499,0.612867793216785,0.569032345715596,0.543930739235481,0.535508118693338,0.530258357501014,0.535850635843928,0.547262202595978,0.541193986928878,0.568051021786168,0.614043303311618,0.559504049164194,0.687052046045335,0.614333785027641,0.688732927641123,0.65427704264682,"root-EOD-Brachy-3-436-3-R"
"root-EOD-Brachy-4-437-3-R",0.655118399051652,0.659818875488927,0.6613952719759,0.649650350973147,0.658285199147065,0.642559655261703,0.9546062039969,0.849950646511391,0.839475996063875,1,0.852158086297885,0.881889484576791,0.669781381139118,0.645456720128109,0.712399623531578,0.719268191033918,0.734921781977499,0.726934062094839,0.655408094999064,0.66502002824957,0.648958740397307,0.658436316881907,0.789903240813567,0.929758023084917,0.746913028294346,0.718629149338518,0.86462128350509,0.830385870435809,0.868078344495919,0.662052926088067,0.752448654771386,0.624932764415226,0.744180088637899,0.56541122655168,0.609210130973077,0.609691553945787,0.518189968537266,0.496965052956949,0.60869155156874,0.568755119018993,0.560241508670437,0.618431714863658,0.55739812480987,0.592929454558424,0.558617899021933,0.752466527226857,0.732773652112078,0.712311399166629,0.75273498340266,0.708453389894854,0.658555299547288,0.600654401109696,0.548165741001595,0.530958055568374,0.542581529854912,0.57316656940569,0.565649088486099,0.531966625678993,0.557031041770639,0.561515384506955,0.573947236356794,0.687386491899641,0.636278753475015,0.69838342109012,0.729012774734298,"root-EOD-Brachy-4-437-3-R"
"root-EOD-Brachy-5-438-3-R",0.546209247384787,0.541343343199188,0.555123938198923,0.529111832308771,0.540420514317736,0.536025278985644,0.884526048055395,0.731392834202963,0.807650671932295,0.852158086297885,1,0.823845367159146,0.546537175733019,0.521798459177979,0.588042284704587,0.613090994188505,0.610198548131031,0.617801934526162,0.544399205010892,0.559482945836247,0.530178319609936,0.549397031566088,0.771519777021915,0.803105866162733,0.626608306757686,0.607670769226752,0.756185854407641,0.736280538454341,0.74218201663548,0.537361116418151,0.64337577471075,0.50702294261819,0.639286120907059,0.460026239071748,0.506093588275131,0.502288151376356,0.416935024483347,0.383888775423811,0.505507196861524,0.610433062069955,0.544246378959902,0.574442203484149,0.599573798118895,0.584869287161195,0.601875069152404,0.697098486479254,0.610359347912085,0.589929053287472,0.70708624202459,0.591781464511213,0.552609380869843,0.495605892232202,0.434053667361553,0.416270155915265,0.433605946092604,0.468943266912318,0.477545508510659,0.473657356437446,0.440148046257697,0.495126989434993,0.446254918089957,0.559503411553874,0.510894214155412,0.571728182270904,0.600282846145383,"root-EOD-Brachy-5-438-3-R"
"root-EOD-Brachy-6-439-3-R",0.591964445263962,0.631636083712031,0.635098597658727,0.593595579246497,0.638075268542028,0.61081140519951,0.890368950764409,0.874879767859536,0.899850808960388,0.881889484576791,0.823845367159146,1,0.645590635370662,0.634593818772208,0.681071045350563,0.677642382640108,0.693229430710986,0.665846278239059,0.607203971422885,0.636863998685048,0.598511484058122,0.611704591503982,0.867090842051051,0.858721255137137,0.781964547833429,0.667775513423136,0.905971573379302,0.870051673240025,0.819590574778874,0.651251397244321,0.66871842085095,0.621138950780825,0.661524454466231,0.568871425567716,0.587742600461892,0.600918776534239,0.496339544808875,0.513683795293778,0.565538109454344,0.559943806546689,0.546656350815454,0.616443686881723,0.547508236612864,0.632454601304948,0.542766013996807,0.653451843809708,0.695209172598666,0.680456997807837,0.662233935261684,0.675188406327702,0.622861676540409,0.579388712584407,0.549009354732717,0.542849837444952,0.539700588274042,0.552379820597327,0.563519993517867,0.551068075360537,0.581634431169008,0.616972424479962,0.580769340205635,0.681931627624809,0.624985178581498,0.679542913560242,0.655198950007643,"root-EOD-Brachy-6-439-3-R"
"root-EOD-Medicago-1-442-3a-R",0.746324986928215,0.734440105641113,0.745606025242255,0.726931755639083,0.741276160307595,0.724482137178246,0.639955345640087,0.74880659942703,0.644530527331153,0.669781381139118,0.546537175733019,0.645590635370662,1,0.962521646606608,0.915629810532028,0.919796824197683,0.891443661147708,0.776899817988088,0.74164633825748,0.74577281666974,0.73068651858682,0.698449882106093,0.584832594089152,0.698553410655804,0.760355553283358,0.723133587193239,0.672372904352043,0.693920214971276,0.694668508102473,0.922347709635331,0.777263540321004,0.908614296806568,0.842266169692556,0.692752794697435,0.660275268525378,0.701206013025442,0.628094712585071,0.608622051162879,0.730718844288009,0.523410091867654,0.520208475471185,0.587048320088683,0.508916427699215,0.583709871283647,0.511674726913215,0.719671011566187,0.852543906451068,0.856676093863307,0.739861510445766,0.870804224917139,0.632272268195328,0.638814522806825,0.657801991362438,0.677684702875789,0.681535692817699,0.707367009902072,0.538714298110324,0.506373430652767,0.575560159628161,0.570922154155937,0.620785259313413,0.85533942466812,0.839431429136564,0.864437209969549,0.778463618557054,"root-EOD-Medicago-1-442-3a-R"
"root-EOD-Medicago-2-442-3b-R",0.732936490651102,0.72365142468589,0.73090831905202,0.715064265998941,0.727695713757636,0.708794084601333,0.61266544668313,0.743305995243987,0.619138328713592,0.645456720128109,0.521798459177979,0.634593818772208,0.962521646606608,1,0.909669856688114,0.892792895465249,0.886501916485976,0.750296174874768,0.727766713389595,0.732592006143116,0.718120504135789,0.687096947494118,0.574603976881641,0.688643696581779,0.754763274707023,0.711769900361173,0.66790169224826,0.668324497059111,0.688519357807592,0.939168632857941,0.751223045592029,0.900398537403096,0.816465312780336,0.689639075509075,0.657774673220711,0.698412375731316,0.628370850010651,0.607573201141878,0.708098787300975,0.501613327394076,0.500018315089265,0.563007585330324,0.489755609542738,0.561283848383184,0.491332490112627,0.700635198460087,0.828229440710709,0.851290866422733,0.720592391225149,0.851741933102756,0.625964556733337,0.632702048250118,0.656123439895644,0.673531234306267,0.677469691077145,0.70356470859568,0.537786973920775,0.505390516370953,0.569472422518781,0.551064788774572,0.616400650033919,0.853320449304984,0.848939765192403,0.85953023276332,0.762246234440788,"root-EOD-Medicago-2-442-3b-R"
"root-EOD-Medicago-3-444-3a-R",0.716300923050136,0.694047176975032,0.7186616106949,0.699387660201715,0.70072745678445,0.690258002846747,0.682375209718172,0.763334955745575,0.685927670844676,0.712399623531578,0.588042284704587,0.681071045350563,0.915629810532028,0.909669856688114,1,0.952756719475198,0.950676394769597,0.780676006693078,0.714381457235194,0.718325763411749,0.702198257803456,0.713020477000997,0.633080767416195,0.734539556756441,0.733317742771289,0.749963343936739,0.700371146949954,0.707352362844641,0.73164663608588,0.934709428431438,0.831759244096933,0.845121511996844,0.833317683790545,0.642345708143058,0.674530655110864,0.680788352199655,0.592273117352317,0.590171219587085,0.67531910676965,0.542780406836992,0.541110107146502,0.606355722463478,0.528540874080807,0.603444530254486,0.530644444451827,0.761456173568031,0.816867626642572,0.89022984036062,0.782416851189621,0.866035885040621,0.678285493157488,0.657829224890157,0.620986788735454,0.616708097630256,0.620885022046132,0.645985547285367,0.553849832213323,0.521467041387003,0.588844879853771,0.584788789499183,0.634813328425239,0.816697462409172,0.884494355055048,0.852710644406363,0.773995704777285,"root-EOD-Medicago-3-444-3a-R"
"root-EOD-Medicago-4-449-3a-R",0.701902315591838,0.69022315009903,0.704020223341279,0.684817477502222,0.697123248685355,0.683906631829008,0.689247198233869,0.767345743895786,0.691814419114931,0.719268191033918,0.613090994188505,0.677642382640108,0.919796824197683,0.892792895465249,0.952756719475198,1,0.937910789718936,0.766690540440965,0.699833217487871,0.703467371158692,0.687585956583155,0.697908241109047,0.618808610221182,0.728708850327072,0.739007006691629,0.734363344712103,0.704105147514875,0.710846953257411,0.725606440478007,0.910029488308277,0.842535757049921,0.845467599141808,0.847097207787212,0.648487591366239,0.669812402128793,0.67710256995862,0.589477262794692,0.588250947839653,0.680118255906947,0.562899137453683,0.538427180753607,0.629666554041229,0.549947157470507,0.627804528118585,0.553290515272773,0.7836533028578,0.816614840243569,0.888047112254105,0.806025896220754,0.883943282212525,0.666706059962477,0.652997838164962,0.618165530169066,0.613982007709945,0.617417282111863,0.642073029435892,0.542393299654041,0.510472364574775,0.58096345505846,0.577584876551739,0.627881053640783,0.810207910518669,0.863616198425592,0.843009636956655,0.767028923256645,"root-EOD-Medicago-4-449-3a-R"
"root-EOD-Medicago-5-449-3b-R",0.689982463436384,0.68027686421172,0.689645308695296,0.67442545952373,0.684137089048994,0.6703167069257,0.702491440299487,0.762275626373803,0.707191901721247,0.734921781977499,0.610198548131031,0.693229430710986,0.891443661147708,0.886501916485976,0.950676394769597,0.937910789718936,1,0.752534318693209,0.684908218172056,0.687948152967162,0.676293712302153,0.685198210651059,0.628348145868661,0.739860907095525,0.712835625941877,0.721331936252154,0.703919227032899,0.712529751241349,0.720457762552023,0.906090786126873,0.815891751682067,0.810520828051068,0.818149745350459,0.612309689628528,0.639284863469998,0.640533255419957,0.552002563304627,0.551855823553759,0.644277891439757,0.54172120166618,0.535673718391958,0.610075778142705,0.527818097790614,0.606928153853497,0.530844870015592,0.782551500115366,0.797141725467495,0.903457493923997,0.800224195665906,0.850866824969856,0.670870713522269,0.627570276801419,0.58203127095472,0.578295953714654,0.582042818618997,0.606993056361192,0.538825546067625,0.506606116105623,0.579779761009081,0.57371167388002,0.624946815975457,0.797726079529787,0.843396700144644,0.835205501011612,0.760155641069682,"root-EOD-Medicago-5-449-3b-R"
"root-EON-Arabidopsis-1-451-4-R",0.844779819562018,0.793091113326427,0.848509428579784,0.818809528315373,0.788028977608306,0.799317398908372,0.699387961657414,0.723638966903677,0.647647944581353,0.726934062094839,0.617801934526162,0.665846278239059,0.776899817988088,0.750296174874768,0.780676006693078,0.766690540440965,0.752534318693209,1,0.839040587665753,0.855481568442192,0.827512397118843,0.893683419047779,0.633265062405991,0.755266528882451,0.7339769910384,0.90670287607792,0.640722863246985,0.66045558932328,0.750610362589829,0.771079688404543,0.820746913479818,0.731974818191685,0.855770136559069,0.696639523345315,0.783206389005276,0.810446967313718,0.723075166005817,0.623349397420269,0.791695226113477,0.610728826254789,0.605903382787144,0.650456138376773,0.595925596084132,0.623111413873143,0.601555509140238,0.765074490728861,0.813104729751598,0.712057694679693,0.778881025034742,0.77841943616858,0.8200450034666,0.763804281924686,0.73404240390519,0.687497044003848,0.711302037710426,0.801001374805079,0.622499941019881,0.591768049559941,0.612489726150351,0.614007925082639,0.671798327395141,0.777754943322537,0.731945008904388,0.79987097231121,0.827479158740031,"root-EON-Arabidopsis-1-451-4-R"
"root-EON-Arabidopsis-2-452-4-R",0.96317040936966,0.882216393623049,0.920469875525566,0.952468655561385,0.864321029806908,0.94009425551718,0.630115806490005,0.672480298539675,0.588606947205457,0.655408094999064,0.544399205010892,0.607203971422885,0.74164633825748,0.727766713389595,0.714381457235194,0.699833217487871,0.684908218172056,0.839040587665753,1,0.917090130270989,0.952487233039929,0.912395423208752,0.613814012030276,0.704226344973102,0.732382559262651,0.875999285920358,0.61130823562413,0.600706829891737,0.73536409154881,0.734377258529124,0.781217249094819,0.767987642611271,0.806095221895477,0.666963814375131,0.706479119690495,0.748373498205599,0.687640997814913,0.63098029874614,0.732256419080564,0.467048145845231,0.465267703501711,0.507657893063174,0.453279363581102,0.482669094256069,0.459083653068759,0.755629245728173,0.79386134289796,0.635743849122475,0.716541311602417,0.706168206235067,0.774124242708239,0.709217204752329,0.703964599171526,0.717575210494203,0.728470618125199,0.767960233861832,0.501442082183578,0.466846117282318,0.516735600433028,0.472783825409771,0.572010726470152,0.787578226519144,0.710634763383432,0.762520651942109,0.829031506579118,"root-EON-Arabidopsis-2-452-4-R"
"root-EON-Arabidopsis-3-453-4-R",0.892119218751797,0.921027841640352,0.963451037561221,0.882589014539338,0.907852703812181,0.898448407241406,0.64056123792749,0.701092786033643,0.620019467933664,0.66502002824957,0.559482945836247,0.636863998685048,0.74577281666974,0.732592006143116,0.718325763411749,0.703467371158692,0.687948152967162,0.855481568442192,0.917090130270989,1,0.90550766270096,0.861437822597391,0.646798513543514,0.715907999951294,0.76519667199222,0.856613982813183,0.641614684432316,0.644117471130503,0.749861928877517,0.73876696430278,0.756476249246569,0.784417591990937,0.804894687877315,0.710117490226349,0.756564223600054,0.812126513215689,0.741990583410209,0.676183772212888,0.778957075882831,0.506690565454695,0.491915237849006,0.5604607455543,0.493675887056871,0.535561026136151,0.488748716282804,0.710184596233185,0.815655141747096,0.661537224108023,0.722327510240103,0.731662552114162,0.811079662832983,0.758341231039024,0.769233985166914,0.781015735719678,0.792200201610832,0.813255690212546,0.545279396376715,0.511239957916349,0.569703630355642,0.525784870185929,0.624390425928452,0.808624204468802,0.739401181415149,0.786964075629422,0.776274910155139,"root-EON-Arabidopsis-3-453-4-R"
"root-EON-Arabidopsis-4-454-4-R",0.923986539825768,0.910744564749315,0.900457015400118,0.951822953417482,0.884059180277849,0.934512576579596,0.620951935028647,0.664336491399659,0.585541335039234,0.648958740397307,0.530178319609936,0.598511484058122,0.73068651858682,0.718120504135789,0.702198257803456,0.687585956583155,0.676293712302153,0.827512397118843,0.952487233039929,0.90550766270096,1,0.880789148824674,0.609570624624429,0.697843533818877,0.732074497608408,0.864763902654092,0.606535477625576,0.602760872728776,0.73230687290495,0.724611007019804,0.770829642139668,0.745697005088265,0.795597049976402,0.670293665448216,0.706229921677776,0.751578421859102,0.708385708498309,0.659981093121864,0.732201857594792,0.470082376600791,0.466865418200576,0.512473064941044,0.455639604401851,0.486601187669688,0.461117940914133,0.737431838092667,0.785923092857286,0.635833581122755,0.71371528196156,0.700428790743653,0.768324783212287,0.72067580028181,0.725876077812351,0.734426154660294,0.73217691287066,0.769273514789176,0.50416600496683,0.471628056998641,0.52060575965061,0.476484238161627,0.575944714816259,0.785961847619532,0.705698749497135,0.75747861190348,0.810889189271504,"root-EON-Arabidopsis-4-454-4-R"
"root-EON-Arabidopsis-5-455-4-R",0.90197834783169,0.805539940406193,0.859217119713645,0.88722177859266,0.787585415369474,0.872950441547819,0.634425084251336,0.674640367716176,0.585426402464711,0.658436316881907,0.549397031566088,0.611704591503982,0.698449882106093,0.687096947494118,0.713020477000997,0.697908241109047,0.685198210651059,0.893683419047779,0.912395423208752,0.861437822597391,0.880789148824674,1,0.611154476078487,0.708181778062168,0.731613075149115,0.93644699334417,0.616400765067012,0.595998729384171,0.740067880821231,0.723946445623956,0.793115065540768,0.692434000326788,0.782787043110071,0.639152284175244,0.756391628118399,0.795631770704174,0.716337366825219,0.627680228024824,0.717261425978498,0.527335823345037,0.522751293200916,0.56827351883072,0.513354235958294,0.543058079215157,0.516787177130578,0.76003594707504,0.735845995555137,0.641011249061875,0.72122397769901,0.709111986917323,0.825621791905829,0.761487134052806,0.732212532316866,0.685108025019661,0.68632041203545,0.756787752466733,0.562055111741558,0.527656860849204,0.577470523560906,0.533395721387212,0.632353424021857,0.740375790885137,0.728658274107839,0.753295162019418,0.8280178678599,"root-EON-Arabidopsis-5-455-4-R"
"root-EON-Arabidopsis-6-456-4-R",0.587618237229021,0.637965441328693,0.649715239865774,0.599640033583338,0.634982045133445,0.615370739943631,0.795623072506525,0.810374751646848,0.898511914494196,0.789903240813567,0.771519777021915,0.867090842051051,0.584832594089152,0.574603976881641,0.633080767416195,0.618808610221182,0.628348145868661,0.633265062405991,0.613814012030276,0.646798513543514,0.609570624624429,0.611154476078487,1,0.790884341661661,0.767195551149372,0.668348485641935,0.845837447853292,0.83750022820286,0.793169842841679,0.614673789153178,0.643833947016863,0.584742715848618,0.627345346056682,0.542813118163967,0.580092946366283,0.603642954246384,0.478924689134636,0.514269871206735,0.533788858949197,0.544446760738987,0.554427482793407,0.606681279950296,0.533645284524799,0.605442510522656,0.527442722510332,0.621044623929753,0.640873315173865,0.635782256176217,0.633600979795152,0.62859685410071,0.63725118050023,0.573536801433716,0.553087528022444,0.545899284111185,0.539544845352339,0.540050611218994,0.56559033982102,0.555936551385315,0.605196616426327,0.616205305730031,0.598137592400127,0.665146154519751,0.606404446104861,0.672241541268115,0.630539598152794,"root-EON-Arabidopsis-6-456-4-R"
"root-EON-Brachy-1-433-4-R",0.702624865176954,0.707479863872099,0.711689289177243,0.697348549562063,0.708506451239123,0.69287547451439,0.907394718944531,0.895323844219937,0.802070007541932,0.929758023084917,0.803105866162733,0.858721255137137,0.698553410655804,0.688643696581779,0.734539556756441,0.728708850327072,0.739860907095525,0.755266528882451,0.704226344973102,0.715907999951294,0.697843533818877,0.708181778062168,0.790884341661661,1,0.795905642075118,0.768887081124981,0.855691397400104,0.801313613684927,0.921270787875285,0.712817373795899,0.761110107366617,0.678385735406475,0.749654932428251,0.617455149127852,0.663413156993763,0.665177796622262,0.572739876375434,0.550250527237019,0.628712239604857,0.529041583843756,0.521703232220012,0.577693664221082,0.518178959427135,0.552293201902725,0.517153862151429,0.750684428911136,0.750789388441071,0.70719966106544,0.756444768007631,0.714117946389318,0.709303408635514,0.657006726791342,0.603258270994062,0.584187883472863,0.597042258612939,0.628661287202718,0.568657796060781,0.532984631494579,0.559251437121572,0.544204819624835,0.618217757460707,0.734552185689621,0.685799075651549,0.741064352535218,0.758260606969838,"root-EON-Brachy-1-433-4-R"
"root-EON-Brachy-2-434-4-R",0.712845305779507,0.773113588799152,0.768564740595487,0.735836445002362,0.777913408489346,0.742988980091108,0.719069661781511,0.889810544451386,0.774554650975877,0.746913028294346,0.626608306757686,0.781964547833429,0.760355553283358,0.754763274707023,0.733317742771289,0.739007006691629,0.712835625941877,0.7339769910384,0.732382559262651,0.76519667199222,0.732074497608408,0.731613075149115,0.767195551149372,0.795905642075118,1,0.752218209301376,0.845617424075991,0.820018233955756,0.852407672132213,0.775045616842062,0.696781040506185,0.759024896267864,0.731385165835442,0.686217361342363,0.69420968039437,0.76133449238694,0.660657859386001,0.68288381077474,0.671575181910124,0.497037728710597,0.478225659156949,0.589988390445848,0.484063985510026,0.581500663696969,0.474755369150121,0.668111664607555,0.789565068438594,0.727796280947496,0.685147049253703,0.789885180199218,0.686192723761051,0.702235291687496,0.729301390893012,0.719315739803918,0.689450025214285,0.688608661105178,0.547591167996406,0.511598774856215,0.620215062680903,0.568653643649832,0.66688302786714,0.805693224306828,0.751369887509922,0.792617064841619,0.739864098252722,"root-EON-Brachy-2-434-4-R"
"root-EON-Brachy-3-436-4-R",0.871217121138322,0.803579694020357,0.852092854800985,0.856008849510027,0.786434621009111,0.84098487663509,0.694837356428525,0.733612745730405,0.642168315221706,0.718629149338518,0.607670769226752,0.667775513423136,0.723133587193239,0.711769900361173,0.749963343936739,0.734363344712103,0.721331936252154,0.90670287607792,0.875999285920358,0.856613982813183,0.864763902654092,0.93644699334417,0.668348485641935,0.768887081124981,0.752218209301376,1,0.674616940542079,0.65115828291594,0.793756961114695,0.751619435023549,0.83642297527325,0.716767528857712,0.809606665513598,0.661067880835197,0.782484436072389,0.798854833966309,0.714191895531573,0.625577433750744,0.734852145356223,0.570138682949384,0.561507340948772,0.61009717327515,0.558807810309237,0.583903347547091,0.55841067032421,0.780932824803373,0.767616016231357,0.681780124481022,0.759992017603102,0.737091923386936,0.828584413176488,0.767021861704523,0.730252045645876,0.68475276158685,0.706302275864478,0.774757942434003,0.606742903258564,0.572699767532737,0.617476302612676,0.575681152140987,0.67592476773418,0.770947603421446,0.748801022142979,0.782312955130061,0.834426850685632,"root-EON-Brachy-3-436-4-R"
"root-EON-Brachy-4-437-4-R",0.609433750133978,0.645096867261646,0.644500438230313,0.613255877832398,0.652161313299011,0.615940684148311,0.848440365614946,0.893537631462904,0.857317364971774,0.86462128350509,0.756185854407641,0.905971573379302,0.672372904352043,0.66790169224826,0.700371146949954,0.704105147514875,0.703919227032899,0.640722863246985,0.61130823562413,0.641614684432316,0.606535477625576,0.616400765067012,0.845837447853292,0.855691397400104,0.845617424075991,0.674616940542079,1,0.881591861096383,0.837704008800754,0.699201094235343,0.654939961658886,0.675036056416876,0.650235982645577,0.577948556475839,0.62105496975706,0.635554351221511,0.523296454438463,0.549613078348787,0.565735521761678,0.527279566308248,0.508604673332506,0.617044235667962,0.513995026014714,0.610473824141953,0.506189926006448,0.652980182052642,0.705598643764699,0.719382128570729,0.659710031429352,0.715830657926381,0.633167662788205,0.614215210484393,0.589449949903758,0.580929257362958,0.574277724681298,0.583048557499459,0.57404216842942,0.537188559250862,0.639054054837114,0.595569327743625,0.639639176026896,0.734553733907922,0.688434492390659,0.720642630989482,0.657552189420864,"root-EON-Brachy-4-437-4-R"
"root-EON-Brachy-5-438-4-R",0.574689422652239,0.648612844274661,0.636885229996121,0.580451298420325,0.644260535969067,0.610989588795078,0.824827443709334,0.886728114011724,0.904556582201384,0.830385870435809,0.736280538454341,0.870051673240025,0.693920214971276,0.668324497059111,0.707352362844641,0.710846953257411,0.712529751241349,0.66045558932328,0.600706829891737,0.644117471130503,0.602760872728776,0.595998729384171,0.83750022820286,0.801313613684927,0.820018233955756,0.65115828291594,0.881591861096383,1,0.792332774774176,0.669083011831206,0.666248771863151,0.649082836512154,0.661193356718366,0.645284234266474,0.648031630168937,0.675566903689376,0.546466415418073,0.588960560828781,0.645964563602264,0.558478772220737,0.543312006239742,0.664563250559858,0.547833186522915,0.65577869165045,0.540555248720718,0.670285850133692,0.733399713312887,0.755193110855826,0.676977392636321,0.742679666100602,0.636146810302136,0.639330635981563,0.625981249656033,0.617712272193592,0.613566941363611,0.607453899787084,0.577336387410451,0.542226310198031,0.624470263073897,0.63351376486354,0.624381159283758,0.70772200382886,0.65009501523103,0.702567354052452,0.668638947487567,"root-EON-Brachy-5-438-4-R"
"root-EON-Brachy-6-439-4-R",0.73384161512011,0.753859724134848,0.749691066495561,0.738423332482762,0.756045977212397,0.730543814454914,0.843873013198438,0.886902902815466,0.794621438452541,0.868078344495919,0.74218201663548,0.819590574778874,0.694668508102473,0.688519357807592,0.73164663608588,0.725606440478007,0.720457762552023,0.750610362589829,0.73536409154881,0.749861928877517,0.73230687290495,0.740067880821231,0.793169842841679,0.921270787875285,0.852407672132213,0.793756961114695,0.837704008800754,0.792332774774176,1,0.719138023733199,0.76050887168186,0.689680633767014,0.748011684954289,0.623278501560026,0.697995249553892,0.702026528989467,0.608779394601327,0.591813648499148,0.63211128368941,0.522972819460627,0.510567827285363,0.575967881320617,0.511655551050874,0.550539925264749,0.505364843160111,0.733330566309502,0.759084779342285,0.691250100687066,0.745058486719107,0.722236683271343,0.722536483582884,0.686342622182849,0.648979993884001,0.627179209681403,0.6334396045878,0.652474292436647,0.563898536925208,0.527197696393161,0.584015402046867,0.541743072247746,0.634989451510194,0.766285961177291,0.725000077841316,0.757295788216941,0.770916320397691,"root-EON-Brachy-6-439-4-R"
"root-EON-Medicago-1-442-4c-R",0.735298424412264,0.724058503744302,0.737719907320038,0.722547528402689,0.730840917087916,0.716941889204988,0.631531982177772,0.754356984026586,0.637467735630405,0.662052926088067,0.537361116418151,0.651251397244321,0.922347709635331,0.939168632857941,0.934709428431438,0.910029488308277,0.906090786126873,0.771079688404543,0.734377258529124,0.73876696430278,0.724611007019804,0.723946445623956,0.614673789153178,0.712817373795899,0.775045616842062,0.751619435023549,0.699201094235343,0.669083011831206,0.719138023733199,1,0.777978951662021,0.88631170182717,0.819803687754264,0.669525371713179,0.666695323762153,0.70795195801859,0.625550068961736,0.6170912724106,0.670425459299711,0.49697246851029,0.495574994621072,0.560647665206852,0.482617117294895,0.55744993063141,0.484733831744579,0.714020251912154,0.808430647717832,0.852836159437286,0.735795334132327,0.864974829566159,0.657070126302791,0.649884192230814,0.656052590029949,0.65110979340287,0.655130340737798,0.679803178321115,0.539154095661296,0.501411830256126,0.580659786587032,0.547018237384718,0.627144459541059,0.850600100454004,0.881571689724339,0.884552070413097,0.775954197355277,"root-EON-Medicago-1-442-4c-R"
"root-EON-Medicago-2-444-4b-R",0.792488754609176,0.722987622204557,0.759114477229518,0.776075206230346,0.710932206315392,0.744290966495156,0.718277367210714,0.735302803657727,0.672035567998862,0.752448654771386,0.64337577471075,0.66871842085095,0.777263540321004,0.751223045592029,0.831759244096933,0.842535757049921,0.815891751682067,0.820746913479818,0.781217249094819,0.756476249246569,0.770829642139668,0.793115065540768,0.643833947016863,0.761110107366617,0.696781040506185,0.83642297527325,0.654939961658886,0.666248771863151,0.76050887168186,0.777978951662021,1,0.728961053275317,0.921939552231197,0.622034193370013,0.678304484474956,0.681965920285608,0.595154367257931,0.575302374931932,0.686919268980221,0.592898100019278,0.566425438667768,0.650595778062844,0.581872313711989,0.631140409385858,0.580947824530972,0.866077905795751,0.805869687256265,0.760239935398417,0.86441666508782,0.812178522820428,0.72886776409979,0.663956767535055,0.622170461670399,0.619166411900095,0.622747941083584,0.651610340957454,0.57848131560147,0.542308981614425,0.58546040807816,0.589097223858839,0.639269032464459,0.781620941550148,0.769847786350078,0.799577871402593,0.859810103681547,"root-EON-Medicago-2-444-4b-R"
